A*
20 20
5 5
10
5
6 5
11 17
0 0
16 2
2 3
80 70 75 76 81 89 87 85 82 73 74 75 76 80 81 84 85 82 83 89
89 75 73 81 80 89 84 83 70 74 85 76 82 80 87 82 75 85 76 81
89 81 89 80 82 75 70 76 74 81 85 85 84 82 83 87 75 80 76 73
85 89 81 80 82 87 85 76 74 76 84 80 75 73 70 81 89 75 83 82
89 76 83 81 80 85 82 80 76 84 82 70 81 75 89 74 85 73 75 87
76 85 81 75 80 74 87 73 82 85 83 76 82 89 75 81 89 84 80 70
85 81 75 76 76 82 75 70 87 85 80 80 89 73 81 74 89 82 84 83
80 75 73 70 83 74 82 85 87 85 82 76 75 80 81 81 84 76 89 89
76 83 87 82 85 80 75 76 74 81 70 75 84 80 89 89 82 81 85 73
83 81 82 85 74 84 75 80 76 87 80 70 81 89 73 75 89 85 82 76
67 90 78 83 84 85 81 80 79 76 75 71 70 78 74 89 76 74 85 86
86 71 79 75 89 84 81 78 80 78 90 74 74 85 70 83 67 76 85 76
76 78 84 74 71 76 86 79 74 85 81 83 70 85 78 90 67 80 75 89
67 74 76 78 75 74 81 84 76 85 89 79 80 71 83 90 78 86 85 70
86 75 78 79 74 70 80 67 85 89 84 76 90 85 76 83 81 71 78 74
75 74 76 80 85 76 74 79 78 89 78 86 84 83 81 71 85 70 67 90
70 84 89 71 90 78 75 83 76 78 79 74 81 85 67 85 74 86 76 80
76 79 74 85 81 80 83 71 86 89 90 70 74 85 78 67 75 76 78 84
81 76 89 74 85 84 70 75 76 85 74 78 79 90 86 80 83 67 71 78
76 83 87 82 85 80 75 76 74 81 70 75 84 80 89 89 82 81 85 73