UCS
100 100
0 0
3
99
7 77
31 42
10 66
58 48
22 31
73 98
42 27
30 5
48 97
83 34
9 71
97 9
87 83
56 59
27 60
11 97
45 79
55 98
50 19
32 91
4 66
60 37
22 78
51 73
99 57
42 89
82 35
7 52
75 63
41 98
47 86
51 56
94 88
96 33
13 92
50 79
86 98
69 59
76 54
78 7
58 4
76 67
10 87
25 26
39 75
38 53
19 12
63 4
50 31
32 36
52 20
99 80
17 9
66 20
90 57
47 62
98 6
45 88
58 0
32 57
3 57
96 88
24 92
42 41
2 69
90 75
80 26
63 59
47 82
16 23
0 47
28 85
3 82
98 81
9 39
8 78
30 87
33 41
42 66
19 98
73 39
81 97
24 14
21 89
33 49
35 88
79 67
53 90
72 51
28 61
22 21
1 54
84 87
36 73
69 21
44 12
93 19
75 7
96 57
3 1 2 1 6 2 2 4 1 4 5 6 6 2 2 1 3 5 0 3 5 1 3 5 4 0 2 6 0 6 4 4 6 3 2 1 2 6 1 5 0 5 2 6 1 6 5 0 1 2 2 5 6 3 3 1 3 0 6 6 4 5 2 0 5 2 5 5 1 5 0 1 0 2 1 3 5 1 0 4 0 2 0 5 4 1 3 1 3 5 5 4 5 3 2 3 6 5 6 1 
0 4 0 3 1 2 2 5 6 6 2 1 0 5 3 0 4 5 4 2 4 2 4 6 1 6 0 4 5 6 0 0 6 0 2 0 2 6 5 4 1 5 4 0 3 3 1 1 4 2 6 0 4 3 4 5 1 4 6 3 5 2 0 4 5 4 6 2 6 1 1 2 2 5 0 6 6 2 2 1 2 6 2 1 1 5 1 5 4 1 0 6 3 5 3 3 5 1 5 5 
3 6 5 2 5 1 1 5 5 1 2 3 5 0 5 5 2 4 2 5 6 5 4 1 3 5 4 3 1 4 3 2 1 1 3 2 1 4 6 4 0 6 5 5 6 6 6 0 2 0 5 3 2 4 2 5 4 0 2 0 4 2 4 6 1 5 6 2 2 2 1 0 5 0 3 6 5 0 1 6 0 5 0 6 6 2 2 1 6 4 0 0 5 0 1 2 6 3 6 3 
4 1 4 0 0 3 5 4 0 2 4 2 4 2 3 0 4 5 6 0 0 4 3 0 4 3 6 5 6 6 6 0 6 4 1 6 6 3 5 3 0 4 5 5 3 6 6 5 1 4 1 3 5 0 0 2 0 4 5 4 3 5 1 4 1 2 4 1 2 4 4 4 6 4 5 4 4 6 4 5 6 3 0 5 6 5 1 0 3 4 1 1 6 0 2 4 4 5 4 6 
5 3 4 3 0 4 0 5 5 4 0 1 5 5 0 5 3 3 4 6 4 2 5 0 2 0 0 2 4 1 5 5 0 2 0 3 1 4 2 1 3 5 0 5 5 6 4 1 2 0 0 4 3 1 1 3 5 2 4 1 5 3 4 6 0 1 0 5 5 5 2 1 3 4 2 3 1 0 4 3 3 2 3 5 2 1 1 3 5 5 1 0 1 0 6 3 6 4 1 1 
4 3 1 0 6 1 6 2 2 3 4 2 2 1 5 1 2 3 3 1 6 6 2 0 3 5 3 3 0 4 1 4 3 2 6 5 6 1 1 3 2 3 3 4 6 5 2 0 3 1 0 6 6 6 4 2 0 4 3 3 3 2 5 5 5 2 0 2 2 4 0 0 1 0 5 1 3 0 3 1 1 4 2 0 2 0 5 5 2 3 5 3 3 4 3 2 4 1 4 2 
4 0 3 2 6 2 3 0 2 0 1 5 4 4 0 0 6 5 1 1 3 0 3 3 3 2 2 3 0 1 5 4 0 6 5 0 3 6 1 2 1 4 5 0 6 5 3 0 5 4 3 0 5 0 1 4 1 4 4 5 3 1 6 4 3 5 3 6 2 6 0 5 2 6 0 2 1 1 2 2 1 1 1 3 5 2 0 6 1 6 1 1 1 3 0 6 1 5 6 2 
3 5 3 6 6 5 4 0 1 6 1 2 1 5 3 5 6 1 4 3 3 3 4 5 2 0 0 1 2 2 0 0 5 1 4 5 6 5 6 1 3 2 4 1 6 4 6 6 5 0 1 3 2 3 1 0 2 5 6 1 6 5 4 1 2 3 5 4 1 5 5 2 4 0 1 3 0 3 1 5 6 3 0 3 5 5 0 4 3 5 2 1 4 1 3 3 3 0 0 4 
0 5 5 1 0 5 3 6 0 5 6 0 4 1 2 4 5 6 0 5 5 0 4 0 3 3 5 3 5 2 2 0 3 2 3 5 2 0 4 1 1 6 5 0 0 0 5 1 3 5 3 6 6 4 0 2 5 4 3 1 2 5 2 1 0 2 0 2 3 2 5 2 2 6 0 5 1 2 6 6 1 4 6 5 4 3 1 0 5 0 1 6 3 0 0 1 2 0 2 3 
6 2 0 0 2 2 5 6 3 6 2 3 5 3 4 1 5 5 4 4 3 0 4 5 2 4 1 2 3 1 5 0 2 1 3 4 0 3 4 3 3 0 5 4 2 6 1 1 4 4 4 1 1 0 6 5 6 3 5 2 4 0 2 3 3 1 0 1 4 6 2 3 1 6 6 4 1 2 3 5 6 1 4 5 5 5 4 2 2 4 2 6 2 3 1 0 5 6 0 4 
6 5 1 1 6 6 1 0 4 4 6 6 1 6 1 1 3 4 0 6 6 1 5 5 2 0 1 4 2 3 2 2 3 5 4 3 4 2 6 0 2 6 3 4 3 1 6 0 2 3 4 6 0 3 6 3 5 2 1 5 1 3 4 4 2 5 6 3 6 6 0 2 2 6 4 0 0 4 5 6 6 6 1 2 5 0 0 2 3 0 6 0 2 4 6 3 2 1 1 6 
1 2 4 4 0 4 0 6 6 2 3 0 2 0 1 2 1 6 3 0 1 2 5 0 4 4 1 5 1 1 1 3 3 2 4 4 6 6 6 5 1 6 4 5 2 2 3 0 6 4 4 4 5 2 1 3 2 1 3 1 3 6 3 1 4 5 3 3 1 4 6 4 6 0 4 4 3 0 1 4 3 6 0 2 1 6 2 5 4 5 2 2 1 1 6 1 2 3 0 6 
3 4 4 1 6 3 5 2 6 3 6 0 1 6 3 1 5 6 5 6 5 5 1 3 2 4 5 2 6 3 1 6 4 6 2 3 3 4 2 6 4 4 1 4 1 4 2 6 4 1 4 4 4 4 0 1 0 2 4 3 0 3 3 0 6 4 2 2 5 0 5 3 6 6 4 1 2 3 3 2 1 2 6 1 2 5 1 0 0 5 5 6 1 5 2 2 5 1 2 1 
4 4 1 3 1 6 4 0 3 3 0 4 0 4 0 3 0 0 6 4 1 0 1 1 0 3 3 0 4 1 4 0 5 5 0 6 2 6 6 5 0 1 2 1 4 5 6 0 6 2 4 6 5 3 1 5 6 1 6 1 3 4 4 1 6 0 0 6 5 1 6 6 0 2 2 5 4 6 4 6 6 3 2 2 2 2 6 0 1 1 2 2 5 1 6 1 3 0 3 5 
0 0 3 5 4 5 4 2 0 2 1 1 0 1 0 1 0 1 6 6 5 2 0 2 2 0 5 0 1 0 5 3 1 2 0 1 1 4 6 6 3 4 1 2 4 2 1 2 4 4 4 5 0 3 4 3 4 0 5 6 4 1 3 2 0 5 3 2 1 0 5 0 2 4 1 6 5 6 5 3 5 6 1 0 4 1 6 6 4 5 0 4 3 2 5 0 1 3 4 5 
3 1 0 0 5 0 3 0 5 0 0 2 5 3 1 5 2 1 6 0 2 1 0 1 2 5 1 4 4 0 0 0 0 3 2 6 4 3 3 6 2 4 0 3 4 1 3 0 6 4 3 5 1 6 0 5 6 4 3 5 2 2 5 1 5 5 6 6 2 2 1 5 1 3 6 2 4 5 6 6 3 6 4 3 1 1 1 1 4 4 3 4 4 2 6 3 5 6 0 4 
3 3 6 6 5 5 1 0 3 1 2 0 3 4 0 5 2 3 1 3 0 3 2 2 6 0 3 2 5 0 6 4 2 5 4 6 5 3 1 0 2 5 1 1 4 6 1 6 3 4 6 6 6 2 4 5 6 1 0 4 4 3 6 6 1 0 0 4 1 1 0 1 5 4 3 0 2 2 2 3 5 4 4 5 0 1 1 4 1 6 5 1 0 2 0 6 4 0 2 6 
4 4 3 0 1 4 4 2 6 6 2 1 1 4 6 2 6 3 4 5 1 6 3 1 0 0 3 0 0 3 1 5 5 1 5 6 5 3 4 4 5 0 0 4 3 0 3 6 3 3 4 2 4 1 5 2 5 4 0 6 2 3 6 5 2 4 6 5 0 0 5 2 3 4 1 4 4 1 0 6 3 6 5 1 2 6 1 5 3 5 4 6 4 5 5 3 2 2 0 5 
1 3 1 1 4 3 1 3 4 3 1 0 3 3 3 1 5 1 5 4 6 1 6 3 4 1 1 1 6 4 0 6 5 5 1 5 3 6 6 5 5 4 6 6 5 1 0 0 5 0 5 4 2 3 6 5 5 5 6 4 5 1 1 5 3 0 1 2 4 5 0 2 3 6 4 4 5 0 1 6 4 0 3 4 5 1 4 2 0 4 1 2 5 6 4 0 5 1 5 3 
2 0 6 6 6 0 3 0 2 1 0 0 4 3 0 0 5 1 1 4 3 1 3 1 0 0 1 0 4 2 2 1 2 4 3 2 6 2 0 2 3 1 0 3 3 2 1 6 0 1 4 2 0 6 6 0 6 4 6 1 0 3 2 4 5 2 3 5 4 2 0 1 1 0 5 1 5 3 3 0 3 6 6 4 0 5 3 4 0 4 5 2 6 2 2 6 0 3 2 6 
5 3 2 6 5 4 5 0 0 6 1 6 6 6 4 2 3 3 0 1 0 4 2 3 5 3 2 6 3 4 1 4 6 3 2 1 5 0 6 6 6 0 4 5 3 2 1 2 4 2 6 1 3 1 6 2 0 6 0 4 3 5 0 3 6 0 4 3 2 2 5 2 4 0 4 4 3 6 5 6 3 0 3 4 2 5 0 2 3 4 6 3 0 1 6 3 1 1 6 5 
5 1 4 4 2 6 1 1 1 1 6 5 3 1 5 4 0 3 4 5 6 1 0 1 0 4 1 1 6 0 3 1 4 4 4 6 4 5 4 4 4 6 4 3 1 0 3 3 2 5 4 1 0 6 2 5 5 1 3 6 5 1 2 4 4 3 4 5 1 0 5 1 5 6 0 5 2 0 0 0 2 1 5 3 3 3 1 6 0 2 4 3 0 2 1 0 5 6 3 1 
0 2 0 0 3 6 2 0 5 1 0 0 4 1 0 5 5 4 0 5 4 1 3 1 4 6 2 3 2 2 6 0 4 5 3 2 2 1 5 0 2 0 0 6 0 6 1 1 1 5 6 3 3 3 6 2 3 0 5 4 4 4 6 1 2 2 4 4 3 4 5 5 1 6 3 2 6 1 5 0 5 1 6 2 4 4 4 2 0 5 4 0 2 6 1 0 4 6 5 2 
6 4 6 4 0 0 5 5 0 4 5 5 2 4 0 5 2 2 1 5 5 6 2 1 3 0 3 6 3 4 6 2 3 4 4 6 3 3 6 1 3 2 1 1 3 6 0 5 2 2 6 6 5 6 5 0 6 4 6 0 1 0 5 2 2 3 6 0 3 1 2 0 1 3 0 1 4 5 6 1 1 4 1 0 3 1 6 6 3 2 5 6 4 2 5 2 3 2 4 2 
1 6 4 4 5 6 3 2 4 3 2 5 1 3 4 4 5 1 6 2 5 3 6 6 6 5 1 1 2 2 2 5 3 4 5 6 6 1 1 4 6 5 1 1 5 0 2 5 2 1 3 4 1 5 3 2 0 2 3 4 4 1 6 4 3 1 3 6 0 4 4 4 0 1 2 1 0 5 3 4 5 4 6 2 1 0 2 4 3 5 3 3 2 5 2 1 1 6 4 2 
1 5 6 4 1 1 5 3 4 4 0 3 5 0 2 2 0 0 4 3 6 0 4 0 4 1 6 1 2 0 6 3 5 3 1 6 1 5 0 1 0 6 0 2 4 2 1 1 5 3 0 4 6 0 2 2 1 5 5 5 6 5 2 2 5 0 0 6 6 4 5 1 5 1 6 1 0 2 4 2 5 5 0 2 1 3 4 2 1 2 3 5 2 3 2 2 1 3 0 2 
0 3 3 2 2 6 4 4 6 6 5 3 3 4 1 0 3 5 2 6 0 4 6 0 4 0 5 2 4 3 3 1 4 0 6 3 5 6 2 5 1 2 4 0 1 5 4 4 2 1 6 3 0 5 0 1 6 3 3 6 4 6 4 0 5 0 3 3 2 2 2 1 0 6 1 2 6 1 5 6 2 1 2 3 6 3 6 3 0 4 1 0 5 6 5 5 6 6 4 0 
4 4 5 4 0 1 6 1 3 6 5 1 4 6 6 3 2 0 3 2 4 4 6 3 4 6 3 4 4 2 0 4 0 2 2 0 0 6 5 1 6 1 4 4 3 5 2 0 0 6 4 2 0 4 0 3 1 0 5 1 2 3 1 4 1 1 2 2 6 1 0 4 0 1 5 3 5 3 3 5 4 5 0 1 4 1 0 6 5 4 3 6 0 4 2 5 3 3 4 1 
3 4 6 3 4 5 1 1 3 3 1 2 3 2 5 3 6 2 6 2 0 3 5 4 1 0 4 5 3 5 4 4 6 6 0 4 3 4 2 2 0 0 4 3 4 0 4 6 6 4 0 2 3 0 1 2 5 2 2 4 2 0 6 0 5 2 1 3 5 3 5 1 3 2 6 4 1 4 5 1 0 6 4 1 2 6 6 1 5 5 2 2 4 2 6 0 0 6 0 5 
5 2 4 5 6 2 1 3 0 0 4 2 2 0 4 0 4 1 1 3 6 1 2 1 2 2 3 3 4 1 6 6 3 3 1 3 2 4 6 3 0 2 1 6 5 3 0 0 4 1 3 5 1 5 4 3 5 5 1 6 1 5 1 4 3 6 5 1 4 4 2 6 3 1 5 1 6 2 2 0 1 4 1 0 4 5 0 6 4 2 3 6 0 4 1 0 4 6 1 0 
3 1 6 3 1 5 4 4 0 0 1 0 5 3 2 0 5 4 0 3 4 1 4 3 2 4 0 1 1 5 0 4 6 2 0 4 2 4 4 3 6 4 0 4 4 4 5 5 1 4 5 5 6 0 1 0 3 3 4 3 2 3 3 0 4 2 5 0 0 0 1 5 0 3 3 5 3 4 3 5 4 5 3 0 2 1 6 4 1 0 6 3 6 1 4 3 1 5 1 1 
0 0 1 5 4 4 5 3 1 1 0 5 3 6 0 0 0 2 0 0 3 4 4 0 2 3 3 3 5 0 6 3 2 6 4 1 0 0 4 5 0 1 5 5 6 3 6 4 3 4 4 6 4 4 4 4 2 2 4 5 3 6 3 2 6 3 6 3 2 2 4 5 3 5 5 2 3 6 1 1 5 4 1 2 1 2 2 5 6 1 6 2 4 1 3 4 2 0 6 4 
0 3 2 0 0 1 2 2 5 2 5 1 4 1 0 2 1 6 0 2 4 2 1 5 3 0 6 5 3 3 6 2 3 3 4 4 0 4 5 3 4 0 3 5 1 3 5 0 3 6 3 4 3 6 5 5 0 1 3 5 1 0 1 1 2 0 5 4 4 5 4 1 3 1 0 0 4 5 2 5 5 6 0 3 3 5 4 1 4 6 3 0 3 6 3 0 5 5 1 6 
2 5 4 1 3 5 5 4 1 2 3 3 2 0 5 4 5 6 1 3 6 2 6 5 2 3 3 4 3 2 0 0 0 0 6 4 2 2 1 6 5 6 0 1 6 4 1 2 2 5 5 2 6 1 4 5 0 1 0 2 5 4 6 3 6 6 4 0 3 1 4 2 2 3 1 2 6 0 5 4 4 3 2 5 3 6 5 4 3 5 6 6 1 1 6 5 0 1 4 3 
6 6 5 6 6 0 0 6 3 3 3 2 0 0 5 6 0 4 5 4 5 2 2 4 0 1 2 3 4 3 0 3 0 4 3 0 2 1 6 6 3 3 4 5 6 3 0 5 6 1 6 0 5 1 5 3 1 1 0 3 6 1 5 3 2 5 2 3 6 5 0 4 3 0 3 1 3 5 2 4 3 4 6 1 5 0 6 2 1 5 0 0 1 0 1 0 0 1 3 6 
3 6 3 0 3 0 0 4 6 1 0 4 4 3 0 3 0 2 6 4 5 2 4 4 4 1 1 1 6 0 3 4 6 1 2 3 6 0 6 1 0 4 1 6 0 4 6 4 2 3 1 1 4 6 0 0 3 3 3 6 3 2 5 2 5 6 0 3 2 5 0 2 4 3 0 2 5 5 3 6 4 2 4 3 6 0 1 6 3 1 1 3 6 6 2 5 5 3 1 0 
5 2 4 2 3 1 2 5 6 6 1 6 3 2 0 1 6 0 2 0 1 6 5 6 1 0 1 0 4 3 2 1 5 1 2 6 6 4 4 3 0 5 0 2 3 6 1 3 1 1 2 2 6 0 3 4 3 0 6 5 0 3 3 1 2 0 3 5 1 2 4 3 3 5 4 6 6 6 5 1 5 4 5 2 0 5 6 5 0 4 4 0 2 6 5 3 5 5 6 4 
1 3 4 5 2 5 0 4 5 4 1 1 6 1 5 3 4 3 0 1 3 0 3 2 3 6 1 2 6 5 2 2 6 6 0 6 1 3 4 2 4 3 0 2 0 1 6 0 5 1 6 1 2 1 3 0 1 5 3 0 6 0 1 1 4 3 0 3 3 4 6 2 2 5 5 3 4 3 2 2 4 0 4 1 6 2 2 5 6 3 2 3 2 0 5 3 3 6 3 1 
3 6 4 2 0 6 0 6 6 2 4 2 2 1 2 0 5 1 6 5 2 2 0 6 5 1 2 1 4 5 1 0 6 1 3 6 5 3 4 5 0 1 0 1 2 6 4 3 1 0 6 2 4 6 4 4 6 6 5 3 1 5 6 6 2 1 0 1 2 0 4 4 3 1 3 3 3 0 6 4 2 1 0 3 4 6 0 4 6 5 4 4 2 2 1 5 2 1 5 0 
2 0 4 5 0 0 4 5 3 0 6 0 4 3 0 0 2 1 1 3 5 6 0 6 5 6 5 0 4 3 0 0 2 3 1 5 6 2 0 0 1 0 6 6 1 2 2 6 6 2 3 2 6 4 3 4 5 4 3 0 4 2 2 6 6 3 6 1 2 0 3 4 5 2 3 2 4 0 0 3 3 5 3 0 2 4 5 6 1 4 6 3 5 3 4 0 4 3 2 4 
5 4 0 6 0 2 1 6 6 5 2 4 5 5 1 1 3 2 5 5 6 6 3 2 0 5 1 5 5 2 0 1 3 4 1 4 0 2 6 5 5 6 3 5 4 2 0 6 2 6 3 5 6 4 6 4 2 0 2 6 6 6 1 2 0 2 5 2 6 2 6 1 6 3 2 0 3 1 6 2 5 2 3 5 2 5 0 3 1 2 0 3 2 5 0 4 4 4 1 0 
0 3 1 6 1 1 3 0 6 5 4 0 5 6 3 3 1 4 5 2 1 5 6 4 5 3 0 2 4 4 2 0 4 3 0 4 5 4 1 4 3 0 2 5 5 1 4 6 4 3 1 1 5 2 2 1 5 1 2 0 1 3 2 3 3 6 4 2 2 0 2 4 1 3 2 6 4 2 2 1 3 0 4 3 4 6 5 0 1 6 3 5 1 0 3 4 3 4 1 3 
6 4 1 2 5 2 6 0 1 1 1 2 0 3 3 2 2 5 0 4 0 2 3 2 2 2 5 4 2 0 6 0 5 1 5 6 5 5 2 3 6 4 4 1 6 0 2 3 6 2 6 4 0 2 2 2 0 1 2 0 4 4 4 3 2 1 3 2 3 1 6 2 4 2 1 2 2 4 6 6 3 3 2 3 1 1 4 2 5 0 0 3 0 5 1 3 4 0 1 3 
2 4 0 3 1 3 6 0 2 2 4 0 0 4 0 4 5 2 0 0 4 6 4 3 0 6 4 4 0 0 4 5 0 3 6 1 0 3 3 1 5 2 1 0 1 4 2 1 3 5 3 5 2 4 5 6 4 5 1 6 1 0 4 6 5 6 6 0 6 6 4 3 0 5 1 1 4 1 1 0 3 6 2 0 6 1 6 2 2 3 3 5 6 3 6 3 2 6 1 2 
4 4 0 4 1 4 6 4 2 4 0 5 3 2 2 4 2 4 0 6 5 5 3 4 6 1 5 1 4 3 6 3 1 6 3 5 1 3 5 0 1 0 0 4 3 6 2 4 6 2 5 4 0 5 0 0 3 3 2 0 2 2 1 0 6 6 4 4 5 0 1 2 5 5 6 4 5 2 5 6 1 6 0 3 4 3 6 2 2 6 3 2 6 6 6 0 2 2 6 5 
1 5 3 0 0 5 0 3 4 0 1 2 4 0 0 2 2 0 2 6 4 5 6 2 1 1 1 2 3 2 0 5 4 0 2 1 0 4 0 5 1 2 0 0 6 3 2 4 3 1 3 6 4 2 5 0 1 1 0 2 0 0 3 2 3 6 3 1 0 1 4 3 1 3 1 5 5 2 4 5 1 2 3 5 2 3 1 2 0 3 5 6 4 2 0 0 2 2 4 3 
6 2 2 2 2 3 6 4 1 4 1 5 4 3 2 6 1 1 5 0 0 3 0 6 3 4 1 3 3 4 5 3 0 6 5 1 3 5 2 3 4 6 5 1 3 3 5 1 0 6 5 5 2 2 3 5 0 0 0 2 3 5 6 0 4 4 0 6 0 0 1 6 0 1 0 3 1 1 1 4 5 5 3 0 0 4 2 0 3 4 6 6 1 0 6 4 0 3 2 4 
1 5 2 1 3 2 1 6 1 3 6 1 0 1 2 0 6 3 5 5 6 0 1 2 5 6 4 6 3 2 1 2 1 6 4 2 4 1 5 6 6 5 6 3 0 2 2 3 0 0 4 5 6 4 5 6 5 0 0 0 0 5 4 5 1 5 6 3 4 4 1 0 5 0 1 0 2 4 6 5 5 1 3 0 3 1 5 6 3 1 5 1 6 1 6 5 3 2 4 5 
0 5 2 1 0 2 3 2 2 4 5 1 1 2 1 5 2 3 1 3 2 1 0 3 6 3 6 5 5 4 4 1 2 1 2 6 2 0 1 6 6 0 5 3 3 0 1 6 3 4 2 1 6 0 6 6 5 1 0 4 1 2 0 0 3 1 5 3 6 2 5 3 2 2 4 5 5 0 2 2 6 1 5 1 4 6 5 2 3 4 2 4 2 2 4 2 4 3 6 5 
0 6 4 3 3 4 5 0 6 2 2 4 6 5 0 6 5 1 6 0 0 6 6 5 4 1 6 6 0 4 3 1 0 2 5 1 2 5 3 3 3 3 3 1 3 6 5 5 4 0 3 3 1 2 3 2 3 4 6 1 0 5 1 2 0 3 3 3 3 3 2 4 1 1 2 3 4 6 1 4 3 2 2 0 0 2 5 6 4 3 1 3 1 5 0 2 4 5 4 1 
6 2 2 2 6 2 2 5 0 2 4 4 3 2 2 2 5 5 2 5 4 2 2 5 3 2 3 0 2 2 0 5 1 3 4 1 3 5 3 0 6 0 6 6 6 4 6 6 0 6 0 4 2 5 3 4 2 3 1 0 6 6 6 4 1 2 3 1 4 6 4 6 5 6 2 4 1 6 4 6 6 0 2 4 4 5 4 4 6 4 0 0 0 0 6 4 3 5 2 1 
2 5 4 3 0 3 5 5 1 1 2 0 1 5 0 3 3 3 2 3 5 2 0 1 6 4 0 5 4 0 4 3 6 0 1 0 2 2 0 1 0 2 0 2 2 1 2 0 1 0 4 6 1 3 5 6 5 3 4 4 6 5 2 3 4 1 4 0 6 1 2 0 5 6 1 4 4 4 3 0 0 1 0 3 1 5 0 2 1 5 6 2 1 5 5 3 3 2 1 2 
5 3 6 6 0 3 0 6 1 0 6 0 4 5 3 4 3 4 1 6 4 6 1 3 1 1 6 5 0 3 1 1 0 3 5 2 4 4 0 0 6 5 2 4 4 4 0 5 3 4 3 6 0 2 3 3 1 5 1 0 3 0 6 3 2 4 1 2 1 6 0 1 3 4 2 0 5 3 3 6 1 6 4 5 1 2 3 3 0 0 6 5 1 1 6 3 5 2 3 3 
0 1 1 2 6 0 1 1 1 6 4 5 4 1 3 1 5 3 4 0 5 5 6 5 1 4 4 5 4 1 0 2 1 0 2 3 4 1 3 3 0 5 4 6 0 3 4 0 5 0 0 3 2 3 2 5 6 2 3 6 4 5 4 2 6 5 3 0 3 4 3 3 4 1 0 2 0 5 5 6 6 2 5 3 4 4 0 3 4 5 5 1 4 5 6 4 2 3 4 2 
0 1 3 2 6 1 6 3 5 5 3 2 1 6 3 3 5 4 4 4 3 5 3 0 1 4 4 1 0 3 4 5 4 0 4 2 5 2 6 1 6 3 5 4 0 5 6 6 0 4 3 5 3 1 1 6 2 4 1 3 1 5 5 6 4 0 0 6 2 1 5 3 6 4 1 2 5 3 2 3 6 6 5 1 2 4 4 0 4 0 4 0 4 3 6 0 0 3 5 2 
3 1 6 3 2 3 2 6 0 2 2 1 4 6 1 4 4 0 5 5 0 0 4 0 1 2 4 3 1 6 4 3 3 2 6 3 6 6 4 2 3 4 2 3 0 2 1 6 1 1 0 4 1 3 0 5 6 4 0 3 2 0 1 3 1 4 1 0 6 1 0 3 0 1 5 2 5 1 0 5 0 4 4 6 6 3 1 4 6 6 1 2 2 0 2 4 4 5 3 2 
0 2 4 0 3 1 3 1 1 4 5 5 1 5 0 0 4 3 0 6 5 0 3 1 2 2 1 1 1 4 6 5 1 6 0 0 1 0 4 3 1 0 2 4 2 6 5 2 2 3 4 6 5 2 2 6 6 0 4 5 2 3 3 0 4 6 3 5 2 4 1 2 0 5 1 5 0 1 3 5 6 1 5 6 0 1 5 1 5 6 0 0 5 0 5 6 6 1 1 3 
1 0 2 4 3 0 0 0 5 4 4 4 5 2 1 0 3 2 1 2 4 3 6 4 2 3 1 2 4 0 4 5 5 2 1 0 4 2 1 4 6 1 3 3 0 2 1 4 4 0 3 3 1 0 2 5 4 6 5 2 3 2 2 6 2 5 5 3 6 1 5 4 1 3 4 4 0 0 1 5 6 1 0 1 0 1 4 4 2 5 2 1 3 2 2 1 5 1 1 2 
4 2 3 1 5 1 6 0 5 3 2 0 5 2 0 0 4 3 5 6 4 2 1 1 3 5 1 2 1 6 4 3 0 0 5 1 6 4 0 3 2 5 0 0 3 1 6 6 3 2 2 0 1 5 3 5 1 2 1 2 6 1 4 2 5 2 6 5 5 4 4 0 3 3 3 3 2 5 1 4 1 5 3 2 6 2 0 5 1 2 3 1 1 4 0 0 3 2 2 1 
1 5 2 1 6 5 6 4 2 2 6 0 5 3 4 1 0 2 0 1 6 6 5 4 4 5 0 0 4 6 3 3 6 4 0 2 6 1 0 3 0 0 5 0 1 0 2 1 4 5 4 4 3 6 0 4 4 3 0 5 4 6 3 3 5 3 5 1 3 3 0 5 3 0 5 1 0 1 5 0 5 3 4 6 0 0 4 0 6 0 2 5 1 5 6 1 0 2 0 3 
0 5 6 0 3 0 0 5 6 0 6 0 6 2 6 1 1 6 4 6 1 0 6 2 1 2 4 1 1 5 4 2 1 3 6 4 5 0 6 2 2 4 2 3 1 2 0 1 1 0 4 4 5 6 2 2 5 0 5 0 1 1 4 0 6 0 0 4 0 6 5 2 6 0 6 6 4 4 5 4 1 4 6 2 3 1 6 4 3 6 6 1 1 1 6 6 1 2 5 6 
6 6 4 0 1 2 4 0 5 3 6 3 4 1 3 1 1 5 5 3 2 3 6 0 5 0 5 5 6 4 4 5 3 4 2 3 2 6 6 5 1 3 6 6 2 4 3 1 3 2 1 6 1 5 5 4 6 2 4 6 1 3 1 5 0 5 2 4 4 5 4 3 5 5 6 1 5 2 1 3 3 3 1 1 3 1 3 1 4 2 1 5 3 0 4 1 6 4 5 2 
0 3 5 6 4 0 2 2 2 1 5 4 5 6 0 3 2 5 0 5 2 5 2 6 1 3 2 4 5 3 1 3 0 0 3 5 6 4 2 5 6 0 4 3 5 4 3 5 2 6 0 3 1 5 1 4 5 5 3 1 4 5 1 6 3 3 5 6 1 5 2 2 4 3 3 0 5 0 2 1 3 1 4 1 4 4 1 2 2 6 0 4 5 6 2 6 0 6 0 2 
2 3 4 2 4 1 2 0 0 1 0 0 2 2 4 5 6 6 4 4 5 4 6 1 4 6 6 2 3 1 5 4 5 6 0 5 4 5 0 2 6 4 6 0 5 4 1 5 1 5 6 6 3 4 3 6 3 0 5 5 1 4 4 5 1 2 4 5 1 1 2 2 2 5 0 4 2 4 2 0 6 2 4 6 3 6 3 6 4 4 1 0 0 6 4 1 1 0 6 2 
3 3 3 6 6 3 6 0 2 3 0 1 1 2 3 5 2 6 4 1 0 3 2 6 5 1 5 2 5 4 3 3 1 3 1 0 2 1 5 1 4 3 2 6 6 0 1 1 6 6 2 4 4 1 4 2 2 4 4 6 2 5 6 5 0 0 5 3 0 3 1 6 2 1 3 0 5 3 1 4 5 1 5 6 5 0 3 0 5 3 0 2 1 6 1 6 6 4 2 1 
6 3 6 4 6 2 2 5 5 1 1 6 1 4 2 1 5 2 2 6 0 2 3 4 6 4 1 1 4 5 5 6 6 0 0 6 5 0 1 1 4 3 3 6 6 1 0 0 0 2 5 5 0 5 3 6 5 1 5 5 6 0 1 1 0 2 0 4 3 4 6 4 5 3 1 5 5 1 2 2 0 2 1 0 6 3 4 0 3 3 2 3 4 5 4 5 3 0 5 3 
3 1 4 2 4 2 4 1 1 6 6 4 2 0 6 3 3 2 2 0 6 5 4 2 2 2 3 6 0 0 1 3 3 0 6 6 5 4 6 5 6 2 0 5 4 6 0 1 3 2 4 6 5 5 6 2 6 5 1 4 6 2 4 4 2 4 4 1 5 6 6 5 3 0 1 6 2 5 1 3 0 2 0 3 5 2 4 1 3 3 6 4 2 6 4 0 3 0 3 3 
2 3 5 5 4 6 6 5 4 3 6 3 4 3 2 4 4 4 1 3 4 3 1 2 4 0 2 4 4 1 0 3 4 4 5 3 6 2 5 4 5 4 4 3 6 5 1 4 3 3 6 4 0 4 3 3 2 4 6 6 5 2 1 2 6 0 4 1 2 5 0 1 1 1 0 3 0 3 1 0 2 1 6 5 0 4 1 3 4 3 2 4 4 1 0 3 4 6 0 6 
4 0 3 0 5 2 6 2 4 4 6 3 4 2 1 2 4 5 3 1 5 4 5 6 5 3 4 0 1 4 3 4 1 6 5 2 5 0 1 3 3 1 6 4 2 3 3 5 0 5 1 2 1 4 1 1 0 5 4 3 3 2 0 4 4 5 0 4 4 3 1 2 3 3 6 6 0 6 0 2 2 0 4 4 1 2 6 0 1 4 5 3 6 0 0 6 0 5 5 3 
2 3 3 6 4 2 0 0 3 2 1 1 6 6 4 1 6 5 5 6 6 4 1 6 2 2 1 1 0 4 1 5 3 3 1 0 6 5 6 4 5 5 1 3 6 5 6 1 2 6 2 6 3 5 6 4 6 1 6 6 3 3 6 6 5 6 0 3 0 6 4 6 0 3 6 3 4 6 5 1 0 2 1 4 0 6 3 6 0 0 0 6 3 5 1 1 4 4 1 4 
3 3 5 5 1 2 6 1 3 3 4 4 2 3 4 5 4 5 5 4 6 3 2 3 6 3 6 2 6 4 0 5 2 5 5 0 3 2 6 1 2 2 1 5 2 5 4 6 2 3 6 4 5 0 6 5 2 2 5 3 0 3 2 5 4 2 3 5 3 2 5 1 0 5 3 1 4 6 5 1 4 6 6 6 0 4 4 5 3 2 4 3 5 2 0 0 5 0 2 0 
1 3 6 2 4 6 3 3 5 4 4 6 4 1 2 4 4 4 5 0 6 1 4 6 1 5 0 4 1 3 1 2 0 4 0 3 1 4 6 6 1 0 0 2 6 3 4 6 6 1 3 6 6 4 2 1 6 4 2 4 3 0 5 2 6 5 3 0 0 6 2 5 2 2 3 4 1 2 4 3 4 5 6 5 4 4 3 5 1 3 6 1 3 5 6 2 1 3 2 0 
4 2 6 4 6 0 5 6 6 4 3 1 0 0 3 3 0 6 5 1 0 4 1 5 0 4 5 6 2 5 4 0 0 5 4 0 3 5 0 3 4 3 1 2 6 2 2 0 5 1 1 6 1 0 4 5 1 3 0 1 2 1 3 0 2 3 4 6 1 6 5 5 2 1 3 0 2 5 0 3 6 3 2 3 3 6 5 4 2 3 3 4 0 5 3 6 5 5 1 0 
4 5 5 3 3 4 6 2 1 1 1 5 4 5 2 3 1 0 0 4 0 5 0 5 0 1 5 2 4 6 2 1 4 2 4 3 4 6 4 5 1 0 4 5 5 5 4 5 6 2 6 3 3 2 3 6 5 4 0 5 5 3 1 3 4 5 0 0 5 0 0 2 1 3 4 0 4 4 0 1 5 2 2 1 0 1 1 5 4 5 4 6 3 3 2 1 3 1 2 1 
6 6 4 0 6 1 2 2 5 3 3 6 3 3 2 0 6 3 4 3 6 2 3 3 4 0 6 2 5 3 5 5 0 3 0 2 5 1 2 1 5 3 2 2 0 4 2 1 2 6 5 2 6 2 6 6 2 1 3 6 0 4 5 3 6 0 0 3 6 6 5 5 2 6 0 0 2 0 4 1 3 5 3 0 1 4 4 0 5 2 6 0 2 3 1 2 4 4 0 3 
5 5 0 6 2 4 6 3 4 0 5 2 4 2 5 5 0 6 3 0 6 1 5 2 1 0 1 5 6 3 1 6 4 3 3 0 1 6 0 6 5 6 6 3 0 5 2 2 4 5 1 5 6 3 3 2 4 2 0 2 2 2 1 0 5 6 0 2 2 6 4 2 0 4 2 6 1 6 4 3 4 2 1 1 1 0 6 5 2 0 4 2 2 5 6 2 2 1 1 0 
1 2 4 2 0 2 1 6 6 6 4 6 4 1 2 2 3 0 2 1 5 0 1 4 6 2 3 1 4 5 5 4 1 4 5 2 1 1 5 2 6 5 1 3 4 4 6 2 2 4 4 6 5 1 6 4 1 1 5 6 6 4 3 1 6 4 0 4 2 3 0 6 6 1 1 6 6 4 0 3 2 6 1 0 1 4 2 5 6 6 1 2 1 6 0 4 2 3 1 4 
6 3 4 3 2 4 5 2 1 4 3 6 6 2 3 3 1 5 6 1 6 6 0 2 0 2 3 4 6 0 3 2 5 5 5 4 4 6 4 3 0 3 1 3 4 6 4 1 3 4 3 6 0 2 0 0 6 4 6 4 2 0 0 4 0 4 2 1 4 4 0 4 4 6 6 3 4 4 2 0 4 5 0 2 1 4 6 1 1 5 5 6 4 2 2 5 4 5 3 1 
0 3 0 0 3 3 5 3 2 4 5 1 3 2 3 4 5 6 5 5 3 3 4 5 6 3 2 3 2 2 5 4 6 0 5 0 1 4 5 0 4 1 6 5 3 5 3 5 5 2 3 4 3 2 6 4 2 3 0 3 3 2 5 5 1 0 0 3 1 6 0 4 3 5 1 6 6 4 4 4 1 1 3 3 5 2 1 2 3 4 1 3 2 2 5 3 3 4 3 4 
3 4 4 1 4 6 5 2 1 1 4 4 1 3 4 0 6 4 6 4 0 5 1 1 0 0 3 3 3 0 3 3 6 1 3 3 0 1 3 3 4 1 1 5 6 6 6 3 1 0 5 1 1 0 0 4 3 2 2 5 6 0 1 6 0 1 5 1 1 5 1 4 1 6 4 6 4 0 5 4 2 1 5 1 4 2 6 2 6 4 4 3 6 6 5 4 5 4 0 3 
6 6 6 6 1 6 1 1 5 0 0 0 0 6 2 1 5 6 0 0 4 2 4 6 4 3 0 0 1 2 3 5 2 3 1 2 4 1 3 5 4 6 2 0 5 6 2 3 5 3 2 1 6 3 4 1 3 1 3 2 1 3 6 0 0 6 2 0 3 1 1 6 5 6 1 1 1 4 5 1 2 3 1 1 5 4 3 0 4 4 4 5 6 4 6 4 5 2 0 6 
3 2 0 0 5 3 3 3 5 4 1 0 3 0 3 3 2 1 0 0 4 6 5 5 1 2 2 2 6 2 6 6 1 4 5 3 0 4 4 6 5 6 5 4 6 3 3 6 0 1 3 1 4 6 1 0 0 2 1 3 1 1 3 5 5 0 3 0 1 2 2 2 2 6 5 1 5 1 0 1 2 2 1 3 6 5 5 0 6 3 1 1 2 0 0 2 5 1 0 3 
4 0 3 4 6 6 2 2 4 2 4 0 4 2 6 6 6 0 0 6 2 3 5 0 0 2 5 3 5 1 4 0 5 2 0 0 2 5 2 5 2 5 5 1 1 5 3 5 0 4 4 2 6 0 4 1 1 5 5 4 0 1 6 1 2 0 2 3 5 3 1 5 2 4 4 0 0 1 5 4 0 5 4 3 1 6 0 6 0 4 0 6 5 2 5 6 4 3 0 2 
5 4 2 0 3 1 1 0 6 0 0 3 6 4 4 3 5 6 0 2 4 6 2 2 4 4 3 6 5 2 3 5 6 3 5 6 6 4 5 2 1 4 1 4 5 1 2 2 2 5 2 6 0 5 4 6 0 6 0 4 1 4 3 1 1 6 3 4 2 1 0 2 5 2 2 5 5 5 5 1 3 0 6 6 3 5 4 0 0 1 3 6 4 4 2 3 2 0 4 3 
4 0 0 1 2 4 6 1 1 1 6 1 1 1 6 0 2 0 6 5 2 0 3 0 3 5 2 0 4 1 6 2 5 1 4 4 6 2 3 2 2 4 4 6 1 1 4 5 4 5 3 4 3 2 6 5 0 4 2 6 2 5 4 2 6 2 3 6 6 0 3 3 3 5 2 0 6 2 5 6 0 5 6 1 4 5 6 3 1 1 6 0 2 3 3 1 6 0 1 6 
3 4 4 6 4 1 0 1 6 1 6 5 3 2 1 3 3 2 0 3 4 1 2 0 4 6 4 5 3 1 1 4 5 5 2 3 4 1 6 4 5 1 2 0 3 6 2 5 5 1 0 0 0 0 0 4 6 0 0 2 0 0 3 0 2 4 5 1 6 4 2 1 1 3 4 1 6 0 4 3 2 6 6 6 5 4 4 1 5 2 5 2 6 0 6 3 4 0 3 0 
4 3 1 5 3 3 4 2 0 6 3 1 0 0 6 0 5 2 5 0 0 1 5 0 1 0 1 2 3 2 2 0 6 2 4 3 1 4 3 0 3 5 5 1 1 6 3 4 0 6 5 0 3 1 1 3 1 5 1 2 3 0 0 6 6 6 4 3 1 4 2 2 6 4 1 4 3 3 4 0 0 4 2 2 6 1 3 6 3 3 1 4 0 0 2 1 3 2 0 4 
6 0 3 5 3 2 6 3 1 3 3 3 0 1 0 4 1 6 4 3 0 6 3 2 5 3 6 5 2 5 3 6 1 1 1 5 0 1 5 2 6 4 2 5 1 2 2 3 6 5 4 3 2 2 4 0 5 3 0 6 2 6 0 0 0 3 6 2 2 4 3 0 3 1 6 0 5 5 1 2 6 0 1 3 3 0 4 1 5 0 4 5 4 2 5 2 3 2 0 4 
3 6 5 6 2 4 6 1 0 4 5 2 0 1 6 3 4 3 2 6 0 1 1 2 2 1 1 0 6 2 1 3 2 4 2 6 6 0 3 5 1 6 5 1 4 0 4 4 2 2 1 6 4 0 4 3 1 1 6 4 4 1 5 6 6 3 6 0 3 3 1 2 0 6 2 2 4 4 6 5 0 3 2 4 1 6 3 2 4 1 1 3 3 2 2 0 1 2 0 4 
4 0 1 1 4 5 5 3 5 1 1 1 3 2 3 6 5 2 6 4 4 4 6 6 1 4 0 4 1 1 4 5 0 2 3 6 5 4 3 5 4 2 4 0 5 5 2 0 0 0 5 1 3 3 2 5 6 2 2 6 5 1 3 4 6 4 0 0 4 1 3 3 6 0 3 3 6 3 1 4 4 2 6 2 6 1 6 3 5 4 5 3 4 5 0 5 3 0 4 1 
5 5 6 5 6 2 3 6 1 0 0 2 4 1 0 6 2 0 4 6 2 2 5 1 0 5 1 5 3 6 5 5 6 0 0 2 2 6 1 6 0 6 6 0 1 1 4 3 0 4 0 0 4 2 1 1 4 0 6 5 1 2 5 2 2 2 6 6 6 3 0 4 3 0 0 5 4 0 2 5 3 0 0 0 2 6 3 1 6 4 4 6 6 1 6 0 4 0 4 4 
3 5 5 2 4 6 6 6 1 2 6 4 5 5 5 4 2 4 0 3 6 6 2 0 4 0 2 6 2 3 6 5 6 5 2 1 4 1 0 2 4 6 4 1 4 1 2 5 4 5 0 2 1 6 6 0 2 0 4 0 5 5 2 0 1 3 3 5 2 2 1 4 5 1 3 4 3 5 4 5 5 0 4 4 3 1 5 4 6 2 4 5 1 5 1 3 4 3 2 2 
3 1 5 5 2 6 6 3 0 2 6 5 3 0 5 2 4 6 3 0 6 2 6 2 3 2 0 6 0 6 3 0 6 1 2 3 5 6 4 5 6 5 6 5 0 3 3 1 5 3 6 6 0 1 2 5 4 3 5 6 0 5 4 6 1 2 5 1 3 5 6 1 5 1 2 3 2 0 3 1 6 0 0 5 4 5 3 3 5 6 3 3 0 4 5 5 3 3 1 5 
0 1 0 4 5 1 4 4 6 0 3 5 0 5 5 2 3 3 0 2 2 4 1 2 6 3 1 0 0 2 4 5 6 3 2 1 5 1 1 5 2 2 2 1 6 0 5 2 4 0 6 1 3 6 6 4 1 0 3 3 2 2 2 3 0 1 5 0 4 3 1 3 1 4 3 0 6 5 5 5 4 6 2 0 5 4 5 1 4 5 6 6 2 6 1 5 2 4 0 5 
4 2 1 2 2 6 4 0 1 2 4 1 6 5 1 6 1 6 4 5 0 2 3 5 6 2 4 1 2 2 5 5 4 2 1 4 3 6 5 4 2 4 3 2 6 5 0 3 1 5 6 1 3 4 0 3 6 3 5 2 2 3 1 4 2 4 5 1 0 3 1 4 5 3 1 0 2 6 0 4 5 4 1 4 5 5 3 2 6 2 3 0 4 2 4 0 6 3 1 3 
6 4 5 1 1 6 1 4 3 1 5 0 6 5 3 4 3 0 2 2 5 0 3 2 5 2 1 1 0 2 3 3 1 0 3 4 1 4 2 0 1 2 4 0 3 5 1 2 6 5 2 2 0 3 6 2 5 0 2 4 2 3 1 1 0 0 4 0 1 2 3 3 4 3 2 1 3 3 5 1 3 1 0 1 5 5 5 1 4 1 0 4 4 0 0 6 0 6 3 6 
5 3 3 4 5 6 2 5 2 4 2 5 0 5 6 6 5 3 5 3 6 3 3 5 3 6 4 2 6 1 4 6 5 4 2 5 4 0 0 5 6 3 6 6 5 0 0 6 1 5 0 6 5 1 2 4 0 1 0 4 0 4 6 0 4 5 0 3 0 5 5 3 2 4 2 2 2 4 6 0 5 4 5 1 0 1 1 5 5 4 4 0 3 5 3 0 5 3 5 4 
1 5 6 4 4 2 1 1 2 4 5 1 0 4 2 0 5 5 1 6 1 5 1 3 5 1 5 5 1 2 6 2 4 3 3 2 0 4 4 4 2 1 0 4 3 6 3 1 1 6 3 3 6 4 6 4 4 4 1 0 6 4 1 3 6 3 1 3 5 6 0 5 1 1 0 2 6 3 3 5 3 4 5 4 0 5 3 4 4 4 4 6 4 3 3 0 3 3 0 2 
6 3 3 6 4 6 1 6 2 4 6 5 6 6 5 5 4 4 2 1 0 1 3 5 1 5 5 1 3 1 6 2 1 4 4 1 5 6 0 5 3 4 5 2 4 6 1 1 1 6 6 3 5 1 4 0 5 5 0 4 4 3 0 0 2 4 4 3 2 1 4 6 6 0 0 4 2 1 2 0 5 4 5 1 4 1 1 5 1 4 0 4 0 0 3 2 6 2 0 5 
6 5 2 5 1 2 5 1 6 3 3 0 3 3 0 5 3 6 4 1 3 6 2 3 3 1 4 2 5 1 3 5 4 6 6 6 1 4 6 6 4 4 6 1 5 4 3 1 6 5 3 6 2 2 4 1 3 1 6 2 5 1 3 6 3 1 3 4 5 6 3 4 5 5 6 6 3 2 3 6 2 4 1 1 0 5 4 6 5 2 6 6 6 6 3 6 4 4 0 4 
